Matrix Object
vehicle_type: Highway
value_type: Vehicle Trips
time_period: PM_peak_hr
purpose: NHBW
level: 4
zone_count: 168
matrix_sum: 5065.295291141285
interzonal_sum: 3645.1423311412846
intrazonal_sum: 1420.1529600000001
Comments:
Created by operation <built-in function add> (reverse: False) on
[
    Matrix Object
    vehicle_type: Highway
    value_type: Vehicle Trips
    time_period: PM_peak_hr
    purpose: NHBW
    level: 4
    zone_count: 168
    matrix_sum: 416.23225365337487
    interzonal_sum: 192.11719365337487
    intrazonal_sum: 224.11506
    Comments:
    Created by operation <built-in function add> (reverse: False) on
    [
        Matrix Object
        vehicle_type: Highway
        value_type: Vehicle Trips
        time_period: PM_peak_hr
        purpose: NHBW
        level: 4
        zone_count: 168
        matrix_sum: 22.11810365337486
        interzonal_sum: 22.11810365337486
        intrazonal_sum: 0.0
        Comments:
        Created by operate_by_property (<built-in function mul>) operation on the following matrix:
        [
            Matrix Object
            vehicle_type: Highway
            value_type: Vehicle Trips
            time_period: PM_peak_hr
            purpose: NHBW
            level: 4
            zone_count: 168
            matrix_sum: 26.894151110388197
            interzonal_sum: 24.105186763187497
            intrazonal_sum: 2.788964347200699
            Comments:
            Created by operation <built-in function mul> (reverse: False) on
            [
                Matrix Object
                vehicle_type: Highway
                value_type: Vehicle Trips
                time_period: PM_peak_hr
                purpose: NHBW
                level: 4
                zone_count: 168
                matrix_sum: 3378.101781540298
                interzonal_sum: 3292.9391625455173
                intrazonal_sum: 85.16261899478062
                Comments:
                Created by operation <built-in function mul> (reverse: False) on
                [
                    Matrix Object
                    vehicle_type: Highway
                    value_type: Vehicle Trips
                    time_period: PM_peak_hr
                    purpose: NHBW
                    level: 4
                    zone_count: 168
                    matrix_sum: 2702.4814252322385
                    interzonal_sum: 2634.351330036414
                    intrazonal_sum: 68.1300951958245
                    Comments:
                    Created by operation <built-in function mul> (reverse: False) on
                    [
                        Matrix Object
                        vehicle_type: Highway
                        value_type: Vehicle Trips
                        time_period: PM_peak_hr
                        purpose: NHBW
                        level: 4
                        zone_count: 168
                        matrix_sum: 2702.4814252322385
                        interzonal_sum: 2634.351330036414
                        intrazonal_sum: 68.1300951958245
                        Comments:
                        Created by copy operation on the following matrix:
                        [
                            Matrix Object
                            vehicle_type: Highway
                            value_type: Vehicle Trips
                            time_period: PM_peak_hr
                            purpose: NHBW
                            level: 7
                            zone_count: 168
                            matrix_sum: 2702.4814252322385
                            interzonal_sum: 2634.351330036414
                            intrazonal_sum: 68.1300951958245
                            Comments:
                            Created by operation <built-in function mul> (reverse: False) on
                            [
                                Matrix Object
                                vehicle_type: car
                                value_type: Vehicle Trips
                                time_period: PM_peak_hr
                                purpose: NHBW
                                level: 7
                                zone_count: 168
                                matrix_sum: 2749.4452407106764
                                interzonal_sum: 2680.1311783691644
                                intrazonal_sum: 69.31406234151179
                                Comments:
                                Created by operate_by_property (<built-in function mul>) operation on the following matrix:
                                [
                                    Matrix Object
                                    vehicle_type: car+lgv
                                    value_type: Vehicle Trips
                                    time_period: PM_peak_hr
                                    purpose: NHBW
                                    level: 7
                                    zone_count: 168
                                    matrix_sum: 5072.180951212704
                                    interzonal_sum: 4379.040327797585
                                    intrazonal_sum: 693.1406234151187
                                    Comments:
                                    Created by copy operation on the following matrix:
                                    [
                                        Matrix Object
                                        vehicle_type: car+lgv
                                        value_type: Vehicle Trips
                                        time_period: PM_peak_hr
                                        purpose: NHBW
                                        level: 7
                                        zone_count: 168
                                        matrix_sum: 5072.180951212704
                                        interzonal_sum: 4379.040327797585
                                        intrazonal_sum: 693.1406234151187
                                        Comments:
                                        Created by copy operation on the following matrix:
                                        [
                                            Matrix Object
                                            vehicle_type: car+lgv
                                            value_type: Vehicle Trips
                                            time_period: PM_peak_hr
                                            purpose: NHBW
                                            level: 5
                                            zone_count: 168
                                            matrix_sum: 5072.180951212704
                                            interzonal_sum: 4379.040327797585
                                            intrazonal_sum: 693.1406234151187
                                            Comments:
                                            Created by operation <built-in function mul> (reverse: False) on
                                            [
                                                Matrix Object
                                                vehicle_type: car+lgv
                                                value_type: Vehicle Trips
                                                time_period: PM_peak_hr
                                                purpose: NHBW
                                                level: 5
                                                zone_count: 168
                                                matrix_sum: 5072.180951212704
                                                interzonal_sum: 4379.040327797585
                                                intrazonal_sum: 693.1406234151187
                                                Comments:
                                                Created by operation <built-in function mul> (reverse: False) on
                                                [
                                                    Matrix Object
                                                    vehicle_type: car+lgv
                                                    value_type: Person Trips
                                                    time_period: PM_peak_hr
                                                    purpose: NHBW
                                                    level: 5
                                                    zone_count: 168
                                                    matrix_sum: 5964.393098564308
                                                    interzonal_sum: 5149.326918868321
                                                    intrazonal_sum: 815.0661796959871
                                                    Comments:
                                                    Created by operation <built-in function mul> (reverse: False) on
                                                    [
                                                        Matrix Object
                                                        vehicle_type: Road
                                                        value_type: Person Trips
                                                        time_period: PM_peak_hr
                                                        purpose: NHBW
                                                        level: 5
                                                        zone_count: 168
                                                        matrix_sum: 6017.0
                                                        interzonal_sum: 5187.535147090338
                                                        intrazonal_sum: 829.4648529096619
                                                        Comments:
                                                        Created by disaggregate_matrix operation on the following matrix:
                                                        [
                                                            Matrix Object
                                                            vehicle_type: Road
                                                            value_type: Person Trips
                                                            time_period: PM_peak_hr
                                                            purpose: NHBW
                                                            level: 5
                                                            zone_count: 120
                                                            matrix_sum: 6017.0
                                                            interzonal_sum: 5885.0
                                                            intrazonal_sum: 132.0
                                                            Comments:
                                                            Created by copy operation on the following matrix:
                                                            [
                                                                Matrix Object
                                                                vehicle_type: Road
                                                                value_type: Person Trips
                                                                time_period: PM_peak_hr
                                                                purpose: NHBW
                                                                level: 5
                                                                zone_count: 120
                                                                matrix_sum: 6017.0
                                                                interzonal_sum: 5885.0
                                                                intrazonal_sum: 132.0
                                                                Comments:
                                                                Created by operation <built-in function mul> (reverse: False) on
                                                                [
                                                                    Matrix Object
                                                                    vehicle_type: Road
                                                                    value_type: Person Trips
                                                                    time_period: PM_peak_hr
                                                                    purpose: NHBW
                                                                    level: 5
                                                                    zone_count: 120
                                                                    matrix_sum: 6017.0
                                                                    interzonal_sum: 5885.0
                                                                    intrazonal_sum: 132.0
                                                                    Comments:
                                                                    Imported matrix from C:\Users\UKTMB001\Documents\Python Scripts\MND\20200220 - Deliverable 1 Matrices\D1_Weekday_NHBW_Road.csv
                                                                    MND Raw Data
                                                                    
                                                                ]
                                                                <built-in function mul>
                                                                [
                                                                    1.0
                                                                ]
                                                                
                                                            ]
                                                            
                                                        ]
                                                        
                                                    ]
                                                    <built-in function mul>
                                                    [
                                                        Matrix Object
                                                        vehicle_type: Bus
                                                        value_type: proportions
                                                        time_period: PM_peak_hr
                                                        purpose: NHBW
                                                        level: 5
                                                        zone_count: 168
                                                        matrix_sum: 22202.058900255724
                                                        interzonal_sum: 22055.036357059023
                                                        intrazonal_sum: 147.02254319670112
                                                        Comments:
                                                        Created by copy operation on the following matrix:
                                                        [
                                                            Matrix Object
                                                            vehicle_type: Bus
                                                            value_type: proportions
                                                            time_period: PM_peak_hr
                                                            purpose: NHBW
                                                            level: 5
                                                            zone_count: 168
                                                            matrix_sum: 22202.058900255724
                                                            interzonal_sum: 22055.036357059023
                                                            intrazonal_sum: 147.02254319670112
                                                            Comments:
                                                            Created by operation <built-in function sub> (reverse: True) on
                                                            [
                                                                Matrix Object
                                                                vehicle_type: Bus
                                                                value_type: proportions
                                                                time_period: PM_peak_hr
                                                                purpose: NHBW
                                                                level: 5
                                                                zone_count: 168
                                                                matrix_sum: 6021.941099744274
                                                                interzonal_sum: 6000.963642940975
                                                                intrazonal_sum: 20.977456803298853
                                                                Comments:
                                                                Created by generate_proportion_matrix operation on the following matrices:
                                                                [
                                                                    Matrix Object
                                                                    vehicle_type: Bus
                                                                    value_type: Person Trips
                                                                    time_period: PM_peak_hr
                                                                    purpose: NHBW
                                                                    level: 5
                                                                    zone_count: 168
                                                                    matrix_sum: 96.94601
                                                                    interzonal_sum: 68.28995
                                                                    intrazonal_sum: 28.656059999999997
                                                                    Comments:
                                                                    Created by copy operation on the following matrix:
                                                                    [
                                                                        Matrix Object
                                                                        vehicle_type: Bus
                                                                        value_type: Person Trips
                                                                        time_period: PM_peak_hr
                                                                        purpose: NHBW
                                                                        level: 5
                                                                        zone_count: 168
                                                                        matrix_sum: 96.94601
                                                                        interzonal_sum: 68.28995
                                                                        intrazonal_sum: 28.656059999999997
                                                                        Comments:
                                                                        Created by copy operation on the following matrix:
                                                                        [
                                                                            Matrix Object
                                                                            vehicle_type: Bus
                                                                            value_type: Person Trips
                                                                            time_period: PM_peak_hr
                                                                            purpose: NHBW
                                                                            level: 4
                                                                            zone_count: 168
                                                                            matrix_sum: 96.94601
                                                                            interzonal_sum: 68.28995
                                                                            intrazonal_sum: 28.656059999999997
                                                                            Comments:
                                                                            Imported matrix from C:\Users\UKTMB001\Documents\Python Scripts\MND\Test\synth_bus_PM_peak_hr.csv
                                                                            Matrix Object
                                                                            vehicle_type: Bus
                                                                            value_type: Person Trips
                                                                            time_period: PM_peak_hr
                                                                            purpose: NHBW
                                                                            level: 4
                                                                            zone_count: 168
                                                                            matrix_sum: 96.94601
                                                                            interzonal_sum: 68.28995
                                                                            intrazonal_sum: 28.656059999999997
                                                                            
                                                                        ]
                                                                        
                                                                    ]
                                                                    
                                                                ]
                                                                [
                                                                    Matrix Object
                                                                    vehicle_type: Road
                                                                    value_type: Person Trips
                                                                    time_period: PM_peak_hr
                                                                    purpose: NHBW
                                                                    level: 5
                                                                    zone_count: 168
                                                                    matrix_sum: 6017.0
                                                                    interzonal_sum: 5187.535147090338
                                                                    intrazonal_sum: 829.4648529096619
                                                                    Comments:
                                                                    Created by copy operation on the following matrix:
                                                                    [
                                                                        Matrix Object
                                                                        vehicle_type: Road
                                                                        value_type: Person Trips
                                                                        time_period: PM_peak_hr
                                                                        purpose: NHBW
                                                                        level: 5
                                                                        zone_count: 168
                                                                        matrix_sum: 6017.0
                                                                        interzonal_sum: 5187.535147090338
                                                                        intrazonal_sum: 829.4648529096619
                                                                        Comments:
                                                                        Created by disaggregate_matrix operation on the following matrix:
                                                                        [
                                                                            Matrix Object
                                                                            vehicle_type: Road
                                                                            value_type: Person Trips
                                                                            time_period: PM_peak_hr
                                                                            purpose: NHBW
                                                                            level: 5
                                                                            zone_count: 120
                                                                            matrix_sum: 6017.0
                                                                            interzonal_sum: 5885.0
                                                                            intrazonal_sum: 132.0
                                                                            Comments:
                                                                            Created by copy operation on the following matrix:
                                                                            [
                                                                                Matrix Object
                                                                                vehicle_type: Road
                                                                                value_type: Person Trips
                                                                                time_period: PM_peak_hr
                                                                                purpose: NHBW
                                                                                level: 5
                                                                                zone_count: 120
                                                                                matrix_sum: 6017.0
                                                                                interzonal_sum: 5885.0
                                                                                intrazonal_sum: 132.0
                                                                                Comments:
                                                                                Created by operation <built-in function mul> (reverse: False) on
                                                                                [
                                                                                    Matrix Object
                                                                                    vehicle_type: Road
                                                                                    value_type: Person Trips
                                                                                    time_period: PM_peak_hr
                                                                                    purpose: NHBW
                                                                                    level: 5
                                                                                    zone_count: 120
                                                                                    matrix_sum: 6017.0
                                                                                    interzonal_sum: 5885.0
                                                                                    intrazonal_sum: 132.0
                                                                                    Comments:
                                                                                    Imported matrix from C:\Users\UKTMB001\Documents\Python Scripts\MND\20200220 - Deliverable 1 Matrices\D1_Weekday_NHBW_Road.csv
                                                                                    MND Raw Data
                                                                                    
                                                                                ]
                                                                                <built-in function mul>
                                                                                [
                                                                                    1.0
                                                                                ]
                                                                                
                                                                            ]
                                                                            
                                                                        ]
                                                                        
                                                                    ]
                                                                    
                                                                ]
                                                                
                                                            ]
                                                            <built-in function sub>
                                                            [
                                                                [[1. 1. 1. ... 1. 1. 1.]
                                                                [1. 1. 1. ... 1. 1. 1.]
                                                                [1. 1. 1. ... 1. 1. 1.]
                                                                ...
                                                                [1. 1. 1. ... 1. 1. 1.]
                                                                [1. 1. 1. ... 1. 1. 1.]
                                                                [1. 1. 1. ... 1. 1. 1.]]
                                                            ]
                                                            
                                                        ]
                                                        
                                                    ]
                                                    
                                                ]
                                                <built-in function mul>
                                                [
                                                    0.8504102374529323
                                                ]
                                                
                                            ]
                                            <built-in function mul>
                                            [
                                                1.0
                                            ]
                                            
                                        ]
                                        
                                    ]
                                    
                                ]
                                
                            ]
                            <built-in function mul>
                            [
                                0.98291880311597
                            ]
                            
                        ]
                        
                    ]
                    <built-in function mul>
                    [
                        1.0
                    ]
                    
                ]
                <built-in function mul>
                [
                    1.25
                ]
                
            ]
            <built-in function mul>
            [
                [[ True  True  True ... False False False]
                [ True  True  True ... False False False]
                [ True  True  True ... False False False]
                ...
                [False False False ... False False False]
                [False False False ... False False False]
                [False False False ... False False False]]
            ]
            
        ]
        
    ]
    <built-in function add>
    [
        Matrix Object
        vehicle_type: Car
        value_type: Person Trips
        time_period: PM_peak_hr
        purpose: NHBW
        level: 4
        zone_count: 168
        matrix_sum: 394.11415
        interzonal_sum: 169.99909
        intrazonal_sum: 224.11506
        Comments:
        Created by copy operation on the following matrix:
        [
            Matrix Object
            vehicle_type: Car
            value_type: Person Trips
            time_period: PM_peak_hr
            purpose: NHBW
            level: 4
            zone_count: 168
            matrix_sum: 394.11415
            interzonal_sum: 169.99909
            intrazonal_sum: 224.11506
            Comments:
            Created by operate_by_property (<built-in function mul>) operation on the following matrix:
            [
                Matrix Object
                vehicle_type: Car
                value_type: Person Trips
                time_period: PM_peak_hr
                purpose: NHBW
                level: 4
                zone_count: 168
                matrix_sum: 477.92033000000004
                interzonal_sum: 253.80527000000004
                intrazonal_sum: 224.11506
                Comments:
                Created by operation <built-in function mul> (reverse: False) on
                [
                    Matrix Object
                    vehicle_type: Car
                    value_type: Person Trips
                    time_period: PM_peak_hr
                    purpose: NHBW
                    level: 4
                    zone_count: 168
                    matrix_sum: 2298.18317
                    interzonal_sum: 878.0302099999997
                    intrazonal_sum: 1420.1529600000001
                    Comments:
                    Imported matrix from C:\Users\UKTMB001\Documents\Python Scripts\MND\Test\synth_car_PM_peak_hr_v2.csv
                    Matrix Object
                    vehicle_type: Car
                    value_type: Person Trips
                    time_period: PM_peak_hr
                    purpose: NHBW
                    level: 4
                    zone_count: 168
                    matrix_sum: 2298.18317
                    interzonal_sum: 878.0302099999997
                    intrazonal_sum: 1420.1529600000001
                    
                ]
                <built-in function mul>
                [
                    [[ True  True  True ... False False False]
                    [ True  True  True ... False False False]
                    [ True  True  True ... False False False]
                    ...
                    [False False False ... False False False]
                    [False False False ... False False False]
                    [False False False ... False False False]]
                ]
                
            ]
            
        ]
        
    ]
    
]
<built-in function add>
[
    Matrix Object
    vehicle_type: Highway
    value_type: Vehicle Trips
    time_period: PM_peak_hr
    purpose: NHBW
    level: 4
    zone_count: 168
    matrix_sum: 4649.063037487909
    interzonal_sum: 3453.025137487909
    intrazonal_sum: 1196.0379
    Comments:
    Created by copy operation on the following matrix:
    [
        Matrix Object
        vehicle_type: Highway
        value_type: Vehicle Trips
        time_period: PM_peak_hr
        purpose: NHBW
        level: 4
        zone_count: 168
        matrix_sum: 4649.063037487909
        interzonal_sum: 3453.025137487909
        intrazonal_sum: 1196.0379
        Comments:
        Created by operation <built-in function add> (reverse: False) on
        [
            Matrix Object
            vehicle_type: Highway
            value_type: Vehicle Trips
            time_period: PM_peak_hr
            purpose: NHBW
            level: 4
            zone_count: 168
            matrix_sum: 3258.172377487909
            interzonal_sum: 3258.172377487909
            intrazonal_sum: 0.0
            Comments:
            Created by operate_by_property (<built-in function mul>) operation on the following matrix:
            [
                Matrix Object
                vehicle_type: Highway
                value_type: Vehicle Trips
                time_period: PM_peak_hr
                purpose: NHBW
                level: 4
                zone_count: 168
                matrix_sum: 3351.20763042991
                interzonal_sum: 3268.83397578233
                intrazonal_sum: 82.37365464757991
                Comments:
                Created by operation <built-in function mul> (reverse: False) on
                [
                    Matrix Object
                    vehicle_type: Highway
                    value_type: Vehicle Trips
                    time_period: PM_peak_hr
                    purpose: NHBW
                    level: 4
                    zone_count: 168
                    matrix_sum: 3378.101781540298
                    interzonal_sum: 3292.9391625455173
                    intrazonal_sum: 85.16261899478062
                    Comments:
                    Created by operation <built-in function mul> (reverse: False) on
                    [
                        Matrix Object
                        vehicle_type: Highway
                        value_type: Vehicle Trips
                        time_period: PM_peak_hr
                        purpose: NHBW
                        level: 4
                        zone_count: 168
                        matrix_sum: 2702.4814252322385
                        interzonal_sum: 2634.351330036414
                        intrazonal_sum: 68.1300951958245
                        Comments:
                        Created by operation <built-in function mul> (reverse: False) on
                        [
                            Matrix Object
                            vehicle_type: Highway
                            value_type: Vehicle Trips
                            time_period: PM_peak_hr
                            purpose: NHBW
                            level: 4
                            zone_count: 168
                            matrix_sum: 2702.4814252322385
                            interzonal_sum: 2634.351330036414
                            intrazonal_sum: 68.1300951958245
                            Comments:
                            Created by copy operation on the following matrix:
                            [
                                Matrix Object
                                vehicle_type: Highway
                                value_type: Vehicle Trips
                                time_period: PM_peak_hr
                                purpose: NHBW
                                level: 7
                                zone_count: 168
                                matrix_sum: 2702.4814252322385
                                interzonal_sum: 2634.351330036414
                                intrazonal_sum: 68.1300951958245
                                Comments:
                                Created by operation <built-in function mul> (reverse: False) on
                                [
                                    Matrix Object
                                    vehicle_type: car
                                    value_type: Vehicle Trips
                                    time_period: PM_peak_hr
                                    purpose: NHBW
                                    level: 7
                                    zone_count: 168
                                    matrix_sum: 2749.4452407106764
                                    interzonal_sum: 2680.1311783691644
                                    intrazonal_sum: 69.31406234151179
                                    Comments:
                                    Created by operate_by_property (<built-in function mul>) operation on the following matrix:
                                    [
                                        Matrix Object
                                        vehicle_type: car+lgv
                                        value_type: Vehicle Trips
                                        time_period: PM_peak_hr
                                        purpose: NHBW
                                        level: 7
                                        zone_count: 168
                                        matrix_sum: 5072.180951212704
                                        interzonal_sum: 4379.040327797585
                                        intrazonal_sum: 693.1406234151187
                                        Comments:
                                        Created by copy operation on the following matrix:
                                        [
                                            Matrix Object
                                            vehicle_type: car+lgv
                                            value_type: Vehicle Trips
                                            time_period: PM_peak_hr
                                            purpose: NHBW
                                            level: 7
                                            zone_count: 168
                                            matrix_sum: 5072.180951212704
                                            interzonal_sum: 4379.040327797585
                                            intrazonal_sum: 693.1406234151187
                                            Comments:
                                            Created by copy operation on the following matrix:
                                            [
                                                Matrix Object
                                                vehicle_type: car+lgv
                                                value_type: Vehicle Trips
                                                time_period: PM_peak_hr
                                                purpose: NHBW
                                                level: 5
                                                zone_count: 168
                                                matrix_sum: 5072.180951212704
                                                interzonal_sum: 4379.040327797585
                                                intrazonal_sum: 693.1406234151187
                                                Comments:
                                                Created by operation <built-in function mul> (reverse: False) on
                                                [
                                                    Matrix Object
                                                    vehicle_type: car+lgv
                                                    value_type: Vehicle Trips
                                                    time_period: PM_peak_hr
                                                    purpose: NHBW
                                                    level: 5
                                                    zone_count: 168
                                                    matrix_sum: 5072.180951212704
                                                    interzonal_sum: 4379.040327797585
                                                    intrazonal_sum: 693.1406234151187
                                                    Comments:
                                                    Created by operation <built-in function mul> (reverse: False) on
                                                    [
                                                        Matrix Object
                                                        vehicle_type: car+lgv
                                                        value_type: Person Trips
                                                        time_period: PM_peak_hr
                                                        purpose: NHBW
                                                        level: 5
                                                        zone_count: 168
                                                        matrix_sum: 5964.393098564308
                                                        interzonal_sum: 5149.326918868321
                                                        intrazonal_sum: 815.0661796959871
                                                        Comments:
                                                        Created by operation <built-in function mul> (reverse: False) on
                                                        [
                                                            Matrix Object
                                                            vehicle_type: Road
                                                            value_type: Person Trips
                                                            time_period: PM_peak_hr
                                                            purpose: NHBW
                                                            level: 5
                                                            zone_count: 168
                                                            matrix_sum: 6017.0
                                                            interzonal_sum: 5187.535147090338
                                                            intrazonal_sum: 829.4648529096619
                                                            Comments:
                                                            Created by disaggregate_matrix operation on the following matrix:
                                                            [
                                                                Matrix Object
                                                                vehicle_type: Road
                                                                value_type: Person Trips
                                                                time_period: PM_peak_hr
                                                                purpose: NHBW
                                                                level: 5
                                                                zone_count: 120
                                                                matrix_sum: 6017.0
                                                                interzonal_sum: 5885.0
                                                                intrazonal_sum: 132.0
                                                                Comments:
                                                                Created by copy operation on the following matrix:
                                                                [
                                                                    Matrix Object
                                                                    vehicle_type: Road
                                                                    value_type: Person Trips
                                                                    time_period: PM_peak_hr
                                                                    purpose: NHBW
                                                                    level: 5
                                                                    zone_count: 120
                                                                    matrix_sum: 6017.0
                                                                    interzonal_sum: 5885.0
                                                                    intrazonal_sum: 132.0
                                                                    Comments:
                                                                    Created by operation <built-in function mul> (reverse: False) on
                                                                    [
                                                                        Matrix Object
                                                                        vehicle_type: Road
                                                                        value_type: Person Trips
                                                                        time_period: PM_peak_hr
                                                                        purpose: NHBW
                                                                        level: 5
                                                                        zone_count: 120
                                                                        matrix_sum: 6017.0
                                                                        interzonal_sum: 5885.0
                                                                        intrazonal_sum: 132.0
                                                                        Comments:
                                                                        Imported matrix from C:\Users\UKTMB001\Documents\Python Scripts\MND\20200220 - Deliverable 1 Matrices\D1_Weekday_NHBW_Road.csv
                                                                        MND Raw Data
                                                                        
                                                                    ]
                                                                    <built-in function mul>
                                                                    [
                                                                        1.0
                                                                    ]
                                                                    
                                                                ]
                                                                
                                                            ]
                                                            
                                                        ]
                                                        <built-in function mul>
                                                        [
                                                            Matrix Object
                                                            vehicle_type: Bus
                                                            value_type: proportions
                                                            time_period: PM_peak_hr
                                                            purpose: NHBW
                                                            level: 5
                                                            zone_count: 168
                                                            matrix_sum: 22202.058900255724
                                                            interzonal_sum: 22055.036357059023
                                                            intrazonal_sum: 147.02254319670112
                                                            Comments:
                                                            Created by copy operation on the following matrix:
                                                            [
                                                                Matrix Object
                                                                vehicle_type: Bus
                                                                value_type: proportions
                                                                time_period: PM_peak_hr
                                                                purpose: NHBW
                                                                level: 5
                                                                zone_count: 168
                                                                matrix_sum: 22202.058900255724
                                                                interzonal_sum: 22055.036357059023
                                                                intrazonal_sum: 147.02254319670112
                                                                Comments:
                                                                Created by operation <built-in function sub> (reverse: True) on
                                                                [
                                                                    Matrix Object
                                                                    vehicle_type: Bus
                                                                    value_type: proportions
                                                                    time_period: PM_peak_hr
                                                                    purpose: NHBW
                                                                    level: 5
                                                                    zone_count: 168
                                                                    matrix_sum: 6021.941099744274
                                                                    interzonal_sum: 6000.963642940975
                                                                    intrazonal_sum: 20.977456803298853
                                                                    Comments:
                                                                    Created by generate_proportion_matrix operation on the following matrices:
                                                                    [
                                                                        Matrix Object
                                                                        vehicle_type: Bus
                                                                        value_type: Person Trips
                                                                        time_period: PM_peak_hr
                                                                        purpose: NHBW
                                                                        level: 5
                                                                        zone_count: 168
                                                                        matrix_sum: 96.94601
                                                                        interzonal_sum: 68.28995
                                                                        intrazonal_sum: 28.656059999999997
                                                                        Comments:
                                                                        Created by copy operation on the following matrix:
                                                                        [
                                                                            Matrix Object
                                                                            vehicle_type: Bus
                                                                            value_type: Person Trips
                                                                            time_period: PM_peak_hr
                                                                            purpose: NHBW
                                                                            level: 5
                                                                            zone_count: 168
                                                                            matrix_sum: 96.94601
                                                                            interzonal_sum: 68.28995
                                                                            intrazonal_sum: 28.656059999999997
                                                                            Comments:
                                                                            Created by copy operation on the following matrix:
                                                                            [
                                                                                Matrix Object
                                                                                vehicle_type: Bus
                                                                                value_type: Person Trips
                                                                                time_period: PM_peak_hr
                                                                                purpose: NHBW
                                                                                level: 4
                                                                                zone_count: 168
                                                                                matrix_sum: 96.94601
                                                                                interzonal_sum: 68.28995
                                                                                intrazonal_sum: 28.656059999999997
                                                                                Comments:
                                                                                Imported matrix from C:\Users\UKTMB001\Documents\Python Scripts\MND\Test\synth_bus_PM_peak_hr.csv
                                                                                Matrix Object
                                                                                vehicle_type: Bus
                                                                                value_type: Person Trips
                                                                                time_period: PM_peak_hr
                                                                                purpose: NHBW
                                                                                level: 4
                                                                                zone_count: 168
                                                                                matrix_sum: 96.94601
                                                                                interzonal_sum: 68.28995
                                                                                intrazonal_sum: 28.656059999999997
                                                                                
                                                                            ]
                                                                            
                                                                        ]
                                                                        
                                                                    ]
                                                                    [
                                                                        Matrix Object
                                                                        vehicle_type: Road
                                                                        value_type: Person Trips
                                                                        time_period: PM_peak_hr
                                                                        purpose: NHBW
                                                                        level: 5
                                                                        zone_count: 168
                                                                        matrix_sum: 6017.0
                                                                        interzonal_sum: 5187.535147090338
                                                                        intrazonal_sum: 829.4648529096619
                                                                        Comments:
                                                                        Created by copy operation on the following matrix:
                                                                        [
                                                                            Matrix Object
                                                                            vehicle_type: Road
                                                                            value_type: Person Trips
                                                                            time_period: PM_peak_hr
                                                                            purpose: NHBW
                                                                            level: 5
                                                                            zone_count: 168
                                                                            matrix_sum: 6017.0
                                                                            interzonal_sum: 5187.535147090338
                                                                            intrazonal_sum: 829.4648529096619
                                                                            Comments:
                                                                            Created by disaggregate_matrix operation on the following matrix:
                                                                            [
                                                                                Matrix Object
                                                                                vehicle_type: Road
                                                                                value_type: Person Trips
                                                                                time_period: PM_peak_hr
                                                                                purpose: NHBW
                                                                                level: 5
                                                                                zone_count: 120
                                                                                matrix_sum: 6017.0
                                                                                interzonal_sum: 5885.0
                                                                                intrazonal_sum: 132.0
                                                                                Comments:
                                                                                Created by copy operation on the following matrix:
                                                                                [
                                                                                    Matrix Object
                                                                                    vehicle_type: Road
                                                                                    value_type: Person Trips
                                                                                    time_period: PM_peak_hr
                                                                                    purpose: NHBW
                                                                                    level: 5
                                                                                    zone_count: 120
                                                                                    matrix_sum: 6017.0
                                                                                    interzonal_sum: 5885.0
                                                                                    intrazonal_sum: 132.0
                                                                                    Comments:
                                                                                    Created by operation <built-in function mul> (reverse: False) on
                                                                                    [
                                                                                        Matrix Object
                                                                                        vehicle_type: Road
                                                                                        value_type: Person Trips
                                                                                        time_period: PM_peak_hr
                                                                                        purpose: NHBW
                                                                                        level: 5
                                                                                        zone_count: 120
                                                                                        matrix_sum: 6017.0
                                                                                        interzonal_sum: 5885.0
                                                                                        intrazonal_sum: 132.0
                                                                                        Comments:
                                                                                        Imported matrix from C:\Users\UKTMB001\Documents\Python Scripts\MND\20200220 - Deliverable 1 Matrices\D1_Weekday_NHBW_Road.csv
                                                                                        MND Raw Data
                                                                                        
                                                                                    ]
                                                                                    <built-in function mul>
                                                                                    [
                                                                                        1.0
                                                                                    ]
                                                                                    
                                                                                ]
                                                                                
                                                                            ]
                                                                            
                                                                        ]
                                                                        
                                                                    ]
                                                                    
                                                                ]
                                                                <built-in function sub>
                                                                [
                                                                    [[1. 1. 1. ... 1. 1. 1.]
                                                                    [1. 1. 1. ... 1. 1. 1.]
                                                                    [1. 1. 1. ... 1. 1. 1.]
                                                                    ...
                                                                    [1. 1. 1. ... 1. 1. 1.]
                                                                    [1. 1. 1. ... 1. 1. 1.]
                                                                    [1. 1. 1. ... 1. 1. 1.]]
                                                                ]
                                                                
                                                            ]
                                                            
                                                        ]
                                                        
                                                    ]
                                                    <built-in function mul>
                                                    [
                                                        0.8504102374529323
                                                    ]
                                                    
                                                ]
                                                <built-in function mul>
                                                [
                                                    1.0
                                                ]
                                                
                                            ]
                                            
                                        ]
                                        
                                    ]
                                    
                                ]
                                <built-in function mul>
                                [
                                    0.98291880311597
                                ]
                                
                            ]
                            
                        ]
                        <built-in function mul>
                        [
                            1.0
                        ]
                        
                    ]
                    <built-in function mul>
                    [
                        1.25
                    ]
                    
                ]
                <built-in function mul>
                [
                    [[False False False ...  True  True  True]
                    [False False False ...  True  True  True]
                    [False False False ...  True  True  True]
                    ...
                    [ True  True  True ...  True  True  True]
                    [ True  True  True ...  True  True  True]
                    [ True  True  True ...  True  True  True]]
                ]
                
            ]
            
        ]
        <built-in function add>
        [
            Matrix Object
            vehicle_type: Car
            value_type: Person Trips
            time_period: PM_peak_hr
            purpose: NHBW
            level: 4
            zone_count: 168
            matrix_sum: 1390.89066
            interzonal_sum: 194.85276
            intrazonal_sum: 1196.0379
            Comments:
            Created by copy operation on the following matrix:
            [
                Matrix Object
                vehicle_type: Car
                value_type: Person Trips
                time_period: PM_peak_hr
                purpose: NHBW
                level: 4
                zone_count: 168
                matrix_sum: 1390.89066
                interzonal_sum: 194.85276
                intrazonal_sum: 1196.0379
                Comments:
                Created by operate_by_property (<built-in function mul>) operation on the following matrix:
                [
                    Matrix Object
                    vehicle_type: Car
                    value_type: Person Trips
                    time_period: PM_peak_hr
                    purpose: NHBW
                    level: 4
                    zone_count: 168
                    matrix_sum: 1820.2628399999999
                    interzonal_sum: 624.2249399999998
                    intrazonal_sum: 1196.0379
                    Comments:
                    Created by operation <built-in function mul> (reverse: False) on
                    [
                        Matrix Object
                        vehicle_type: Car
                        value_type: Person Trips
                        time_period: PM_peak_hr
                        purpose: NHBW
                        level: 4
                        zone_count: 168
                        matrix_sum: 2298.18317
                        interzonal_sum: 878.0302099999997
                        intrazonal_sum: 1420.1529600000001
                        Comments:
                        Imported matrix from C:\Users\UKTMB001\Documents\Python Scripts\MND\Test\synth_car_PM_peak_hr_v2.csv
                        Matrix Object
                        vehicle_type: Car
                        value_type: Person Trips
                        time_period: PM_peak_hr
                        purpose: NHBW
                        level: 4
                        zone_count: 168
                        matrix_sum: 2298.18317
                        interzonal_sum: 878.0302099999997
                        intrazonal_sum: 1420.1529600000001
                        
                    ]
                    <built-in function mul>
                    [
                        [[False False False ...  True  True  True]
                        [False False False ...  True  True  True]
                        [False False False ...  True  True  True]
                        ...
                        [ True  True  True ...  True  True  True]
                        [ True  True  True ...  True  True  True]
                        [ True  True  True ...  True  True  True]]
                    ]
                    
                ]
                
            ]
            
        ]
        
    ]
    
]
reference,index,mnd_zone,x_coord,y_coord,area_ref,sector,msoa,district,Urban city and town,Rural village,Rural hamlets and isolated dwellings,Rural town and fringe,Rural village in a sparse setting,Rural hamlets and isolated dwellings in a sparse setting,Rural town and fringe in a sparse setting,urbanrural,cordon_inner,cordon_outer,Internal,o_total,d_total,intrazonal
501,0,1059,561750,319643,E02005561,5,King's Lynn and West Norfolk 011,Broadland ,1,0,0,0,0,0,0,urban,inside,inside,True,4.459472300042904,4.226870101038985,0.04536
502,1,1059,561690,320428,E02005561,5,King's Lynn and West Norfolk 011,Broadland ,2,0,0,0,0,0,0,urban,inside,inside,True,5.724114101558172,4.6023853363550105,0.02251
504,2,1059,562039,320210,E02005561,5,King's Lynn and West Norfolk 011,Broadland ,1,0,0,0,0,0,0,urban,inside,inside,True,11.515172140086602,11.452754004786923,0.39962
505,3,1059,561794,320290,E02005561,5,King's Lynn and West Norfolk 011,Broadland ,0,0,0,0,0,0,0,rural,inside,inside,True,16.58539468408253,13.960146072869994,0.30718
506,4,1059,562225,320448,E02005561,5,King's Lynn and West Norfolk 011,Broadland ,1,0,0,0,0,0,0,urban,inside,inside,True,3.9385297694526162,3.599776063166405,0.0164
509,5,1059,562487,320281,E02005561,5,King's Lynn and West Norfolk 011,Broadland ,1,0,0,0,0,0,0,urban,inside,inside,True,1.2861853777669872,1.0601025811585272,0.00266
511,6,1059,562300,319813,E02005561,5,King's Lynn and West Norfolk 011,Broadland ,0,0,0,0,0,0,0,rural,inside,inside,True,2.4543395999783835,1.963051475356757,0.00131
512,7,1059,562463,319621,E02005561,5,King's Lynn and West Norfolk 011,Broadland ,4,0,0,0,0,0,0,urban,inside,inside,True,3.901923869889952,3.7117425745409136,0.01663
513,8,1057,562448,319249,E02005559,5,King's Lynn and West Norfolk 009,Broadland ,1,0,0,0,0,0,0,urban,inside,inside,True,1.6176059298778025,1.4936156738779722,0.00865
514,9,1059,562067,319405,E02005561,5,King's Lynn and West Norfolk 011,Broadland ,4,0,0,0,0,0,0,urban,inside,inside,True,2.919361767449707,2.691996950010825,0.02484
515,10,1059,561955,319738,E02005561,5,King's Lynn and West Norfolk 011,Broadland ,3,0,0,0,0,0,0,urban,inside,inside,True,4.239691312233944,3.8432599737932516,0.05752
516,11,1059,561777,320012,E02005561,5,King's Lynn and West Norfolk 011,Broadland ,1,0,0,0,0,0,0,urban,inside,inside,True,14.275176640477538,13.323291801221833,0.47233
517,12,1059,562050,319953,E02005561,5,King's Lynn and West Norfolk 011,Broadland ,0,0,0,0,0,0,0,rural,inside,inside,True,4.232484607615108,3.0444037719424757,0.0377
519,13,1057,562872,320497,E02005559,5,King's Lynn and West Norfolk 009,Broadland ,1,0,0,0,0,0,0,urban,inside,inside,True,2.3750356481128714,2.231087379220279,0.02101
520,14,1057,562703,320245,E02005559,5,King's Lynn and West Norfolk 009,Broadland ,2,0,0,0,0,0,0,urban,inside,inside,True,8.14061281077603,8.248770160549851,0.16572
521,15,1057,562903,319527,E02005559,5,King's Lynn and West Norfolk 009,Broadland ,3,0,0,0,0,0,0,urban,inside,inside,True,5.836890716524409,6.349352878340238,0.12095
523,16,1059,561895,319114,E02005561,5,King's Lynn and West Norfolk 011,Norwich ,1,0,0,0,0,0,0,urban,inside,inside,True,1.6833497688951022,1.4153476990772131,0.01106
524,17,1059,561891,318178,E02005561,5,King's Lynn and West Norfolk 011,Norwich ,0,0,0,0,0,0,0,rural,inside,inside,True,0.12630725566604012,0.10025234370868633,9e-05
525,18,1059,561501,318455,E02005561,5,King's Lynn and West Norfolk 011,Broadland ,1,0,0,0,0,0,0,urban,inside,inside,True,4.475964056156904,5.17451431886091,0.13842
526,19,1059,560758,319501,E02005561,5,King's Lynn and West Norfolk 011,Broadland ,2,0,0,0,0,0,0,urban,inside,inside,True,9.564797604003047,9.838410049584006,1.00702
527,20,1059,561195,320163,E02005561,5,King's Lynn and West Norfolk 011,Broadland ,1,0,0,0,0,0,0,urban,inside,inside,True,1.6635679141519457,1.5929962104578899,0.03854
528,21,1059,560588,321266,E02005561,5,King's Lynn and West Norfolk 011,Broadland ,1,0,0,0,0,0,0,urban,inside,inside,True,1.2038204214096957,1.097391489181846,0.00818
531,22,1055,562109,320824,E02005557,5,King's Lynn and West Norfolk 007,Broadland ,1,0,0,0,0,0,0,urban,inside,inside,True,2.305011704524245,2.3952227866392923,0.0287
532,23,1055,562381,320867,E02005557,5,King's Lynn and West Norfolk 007,Broadland ,4,0,0,0,0,0,0,urban,inside,inside,True,2.7654844699996777,2.9178724997898033,0.03663
533,24,1055,562783,320957,E02005557,5,King's Lynn and West Norfolk 007,Broadland ,2,0,0,0,0,0,0,urban,inside,inside,True,3.610173042693238,3.0615811656610004,0.0428
534,25,1055,562026,320627,E02005557,5,King's Lynn and West Norfolk 007,Broadland ,1,0,0,0,0,0,0,urban,inside,inside,True,1.0818014947881553,1.1876568811275618,0.00729
535,26,1055,562307,320609,E02005557,5,King's Lynn and West Norfolk 007,Broadland ,1,0,0,0,0,0,0,urban,inside,inside,True,0.636537732483216,0.7819271788098472,0.00249
536,27,1055,562514,321469,E02005557,5,King's Lynn and West Norfolk 007,Broadland ,4,0,0,0,0,0,0,urban,inside,inside,True,2.498547020537887,2.2645495155622046,0.03171
537,28,1055,563004,321388,E02005557,5,King's Lynn and West Norfolk 007,Broadland ,4,0,0,0,0,0,0,urban,inside,inside,True,6.696222032853122,7.301926489795565,0.35282
538,29,1055,563026,321938,E02005557,5,King's Lynn and West Norfolk 007,Broadland ,1,0,0,0,0,0,0,urban,inside,inside,True,5.376785894581176,4.392180145862214,0.03305
539,30,1054,563809,321975,E02005556,5,King's Lynn and West Norfolk 006,Broadland ,8,0,0,0,0,0,0,urban,inside,inside,True,3.5754626457243295,5.271346884896007,0.06064
540,31,1054,563547,321511,E02005556,5,King's Lynn and West Norfolk 006,Broadland ,3,0,0,0,0,0,0,urban,inside,inside,True,1.4946992321489034,2.1017120501255944,0.01222
541,32,1054,564518,321944,E02005556,5,King's Lynn and West Norfolk 006,Broadland ,9,0,0,0,0,0,0,urban,inside,inside,True,4.752272406203303,5.829947964305404,0.16411
542,33,1054,565364,321630,E02005556,5,King's Lynn and West Norfolk 006,Broadland ,3,0,0,0,0,0,0,urban,inside,inside,True,0.5028164540537162,1.2037463228691767,9e-05
543,34,1054,565696,322074,E02005556,5,King's Lynn and West Norfolk 006,Norwich ,1,0,0,0,0,0,0,urban,inside,inside,True,0.34200541142405627,0.7691665784791784,0.00012
544,35,1057,563404,320958,E02005559,5,King's Lynn and West Norfolk 009,Norwich ,1,0,0,0,0,0,0,urban,inside,inside,True,5.66642204989886,6.1250985548453984,0.12959
545,36,1058,564262,320997,E02005560,5,King's Lynn and West Norfolk 010,Norwich ,7,0,0,0,0,0,0,urban,inside,inside,True,6.737259788101434,7.502049212627762,0.17788
546,37,1058,565235,320792,E02005560,5,King's Lynn and West Norfolk 010,Broadland ,1,0,0,0,0,0,0,urban,inside,inside,True,33.455609026163856,38.76736799748006,5.15394
547,38,1058,564232,319919,E02005560,5,King's Lynn and West Norfolk 010,Breckland ,10,0,0,0,0,0,0,urban,inside,inside,True,0.9941824481672239,1.4853566586728926,6e-05
548,39,1057,563500,319974,E02005559,5,King's Lynn and West Norfolk 009,Broadland ,8,0,0,0,0,0,0,urban,inside,inside,True,19.407471917712584,19.607913717003342,1.37137
551,40,1059,561696,318478,E02005561,5,King's Lynn and West Norfolk 011,Broadland ,2,0,0,0,0,0,0,urban,inside,inside,True,0.5152827047049573,0.41633745995174204,3e-05
562,41,1059,561884,318584,E02005561,5,King's Lynn and West Norfolk 011,Broadland ,1,0,0,0,0,0,0,urban,inside,inside,True,1.8571936402622118,1.733373530737818,0.0162
566,42,1059,561976,318810,E02005561,5,King's Lynn and West Norfolk 011,Broadland ,1,0,0,0,0,0,0,urban,inside,inside,True,0.9468343319329804,0.8316995453306815,0.00432
567,43,1059,562241,318615,E02005561,5,King's Lynn and West Norfolk 011,Broadland ,1,0,0,0,0,0,0,urban,inside,inside,True,6.466170546987577,6.924217334934709,0.19414
570,44,1059,562195,320018,E02005561,5,King's Lynn and West Norfolk 011,Broadland ,2,0,0,0,0,0,0,urban,inside,inside,True,4.2805426361809555,3.877669059781825,0.06623
571,45,1057,563644,320898,E02005559,5,King's Lynn and West Norfolk 009,Broadland ,1,0,0,0,0,0,0,urban,inside,inside,True,5.490617450279765,5.086746198820181,0.2023
572,46,1058,564718,320634,E02005560,5,King's Lynn and West Norfolk 010,Broadland ,2,0,0,0,0,0,0,urban,inside,inside,True,0.23862338345907036,0.3380073326960442,1e-05
573,47,1059,562437,320075,E02005561,5,King's Lynn and West Norfolk 011,Broadland ,0,0,0,0,0,0,0,rural,inside,inside,True,4.808938716947429,5.137874604232905,0.08162
601,48,1059,561588,316981,E02005561,5,King's Lynn and West Norfolk 011,Broadland ,1,0,0,0,0,0,0,urban,outside,inside,True,6.354911308453765,6.075734506572505,0.12461
602,49,1059,563363,319135,E02005561,5,King's Lynn and West Norfolk 011,Breckland ,1,0,0,0,0,0,0,urban,inside,inside,True,17.70001067779144,17.073430089045154,1.01997
603,50,1059,562969,318752,E02005561,5,King's Lynn and West Norfolk 011,Broadland ,0,0,0,0,0,0,0,rural,inside,inside,True,5.348068994777563,4.831828144920509,0.05452
604,51,1059,562755,318421,E02005561,5,King's Lynn and West Norfolk 011,Broadland ,0,0,0,0,0,0,0,rural,inside,inside,True,8.268496141301185,7.512919655131886,0.13602
605,52,1059,562611,317762,E02005561,5,King's Lynn and West Norfolk 011,Norwich ,0,0,0,0,0,0,0,rural,inside,inside,True,18.46922781462301,17.905808466697447,1.0972
606,53,1062,564032,315687,E02005564,5,King's Lynn and West Norfolk 014,Norwich ,0,0,0,0,0,0,0,rural,inside,inside,True,0.44768473607162734,0.45073642802231917,0.00019
607,54,1055,561465,322123,E02005557,5,King's Lynn and West Norfolk 007,Broadland ,1,0,0,0,0,0,0,urban,inside,inside,True,8.554556086576637,8.060710882196783,0.24883
608,55,1055,561734,320962,E02005557,5,King's Lynn and West Norfolk 007,Norwich ,0,0,0,0,0,0,0,rural,inside,inside,True,1.3022527281617244,1.1535567189131941,0.00156
609,56,1062,564115,318071,E02005564,5,King's Lynn and West Norfolk 014,Broadland ,0,0,0,0,0,0,0,rural,inside,inside,True,5.050731650805119,6.472810651960228,0.20821
610,57,1062,563386,316289,E02005564,5,King's Lynn and West Norfolk 014,Breckland ,0,1,0,0,0,0,0,rural,inside,inside,True,0.09951028576259084,0.08908890358871309,7e-05
5001,58,1,522937,216063,0,3,,Broadland ,0,0,0,0,0,0,0,rural,outside,outside,False,8.730738233111358,5.837852190865573,0.0
5002,59,5,556423,274127,0,3,,Norwich ,70,49,24,122,0,0,0,rural,outside,outside,False,274.02366859052944,270.74273224636886,267.06259
5003,60,1088,622251,308846,E02005590,16,Norwich 007,Broadland ,0,0,0,0,0,0,0,rural,outside,outside,True,677.8283832885143,570.9696383523768,0.0
5004,61,5,547582,305393,0,3,,Broadland ,9,0,0,0,0,0,0,urban,outside,outside,False,1.1201563254142104,1.0653604362036897,0.01337
5005,62,1064,550817,306372,E02005566,5,King's Lynn and West Norfolk 016,Breckland ,3,0,0,0,0,0,0,urban,outside,outside,True,3.732913083702629,6.326348245780374,0.11049
5006,63,1064,552362,297261,E02005566,5,King's Lynn and West Norfolk 016,Broadland ,0,4,5,1,0,0,0,rural,outside,outside,True,4.373878934808429,8.946095308956613,0.4387
5007,64,5,539942,296939,0,3,,Broadland ,66,1,2,0,0,0,0,urban,outside,outside,False,67.50991280303151,60.68497949118197,40.64204
5008,65,5,541228,291077,0,3,,Broadland ,0,1,2,10,0,0,0,rural,outside,outside,False,5.207301549063721,6.267812024233515,1.65781
5009,66,5,541166,285454,0,3,,Broadland ,0,0,0,0,0,0,0,rural,outside,outside,False,0.7773400931820496,0.5357138091554554,0.0
5010,67,1065,561218,303260,E02005567,5,King's Lynn and West Norfolk 017,Broadland ,34,0,0,0,0,0,0,urban,outside,outside,True,28.277894769124703,32.70336069003211,7.35977
5011,68,1049,570279,341683,E02005551,5,King's Lynn and West Norfolk 001,Broadland ,0,0,0,0,4,1,17,rural,outside,outside,True,22.489730408694015,19.708457546483046,8.68399
5012,69,1056,555055,323853,E02005558,5,King's Lynn and West Norfolk 008,Broadland ,0,6,6,3,0,0,0,rural,outside,inside,True,9.951261871306489,14.039187712199162,1.24027
5013,70,1052,569799,330530,E02005554,5,King's Lynn and West Norfolk 004,Broadland ,0,0,0,17,0,0,0,rural,outside,outside,True,5.259158877778231,6.955437481083809,0.49836
5014,71,1051,567621,337577,E02005553,5,King's Lynn and West Norfolk 003,Broadland ,0,0,0,0,0,0,18,rural,outside,outside,True,13.219946697873215,14.943571372770267,2.41703
5015,72,1,577674,212658,0,3,,Broadland ,0,0,0,0,0,0,0,rural,outside,outside,False,20.083250808544765,13.78644128793778,0.0
5016,73,9,573248,276805,0,3,,Broadland ,43,16,6,65,0,0,0,rural,outside,outside,False,182.3627865030456,167.7453233089272,146.2058
5017,74,5,506222,242766,0,3,,Broadland ,0,0,0,0,0,0,0,rural,outside,outside,False,48.989245810482764,36.66186093464488,0.0
5018,75,5,521220,276552,0,3,,Broadland ,0,0,0,0,0,0,0,rural,outside,outside,False,15.238718751014803,10.197768890011407,0.0
5019,76,1012,581681,297063,E02005514,9,Breckland 012,Broadland ,1,8,3,10,0,0,0,rural,outside,outside,True,24.294936367758734,20.962597438988958,5.30672
5020,77,1037,647802,311066,E02005539,7,Great Yarmouth 002,Broadland ,0,0,0,0,0,0,0,rural,outside,outside,True,135.51992438958248,128.19986845794725,0.0
5021,78,1056,558559,320992,E02005558,5,King's Lynn and West Norfolk 008,Broadland ,0,2,1,5,0,0,0,rural,outside,inside,True,3.977538599583516,4.9405502525967915,0.18853
5022,79,5,536620,299805,0,3,,Broadland ,40,18,8,4,0,0,0,urban,outside,outside,False,44.44823667003347,48.7910072111425,25.163
5023,80,1063,555128,314037,E02005565,5,King's Lynn and West Norfolk 015,Breckland ,0,5,2,2,0,0,0,rural,outside,outside,True,3.724918341943798,5.837278835319518,0.55419
5024,81,5,548278,290274,0,3,,Broadland ,0,2,0,3,0,0,0,rural,outside,outside,False,5.20873094875759,5.182073248484395,4.82461
5025,82,1062,565262,308888,E02005564,5,King's Lynn and West Norfolk 014,Breckland ,0,5,0,0,0,0,0,rural,outside,outside,True,5.280332390957746,4.984315713064373,0.47747
5026,83,1062,566187,316097,E02005564,5,King's Lynn and West Norfolk 014,Broadland ,0,4,1,0,0,0,0,rural,outside,inside,True,3.367932918116594,3.5417298001692794,0.19928
5027,84,1060,568375,319204,E02005562,5,King's Lynn and West Norfolk 012,Broadland ,0,2,1,0,0,0,0,rural,outside,inside,True,3.6634465122182855,3.256437959238034,0.06118
5028,85,5,545131,308826,0,3,,Broadland ,69,0,2,0,0,0,0,urban,outside,outside,False,83.22980552989375,81.19723159949665,65.34609
5029,86,1064,548637,307820,E02005566,5,King's Lynn and West Norfolk 016,Broadland ,5,0,0,0,0,0,0,urban,outside,outside,True,4.17968249780615,6.3957462953934625,0.10657
5030,87,5,542435,313617,0,3,,Broadland ,10,7,4,0,0,0,0,rural,outside,outside,False,6.895596333637222,7.214541673620089,0.54882
5031,88,1067,569159,292551,E02005569,5,King's Lynn and West Norfolk 019,Broadland ,0,16,2,8,0,0,0,rural,outside,outside,True,40.06895961732624,46.424577842282766,17.95604
5032,89,1050,582833,330663,E02005552,5,King's Lynn and West Norfolk 002,Broadland ,0,1,1,0,4,2,0,rural,outside,outside,True,9.848567428919516,6.722549816641864,3.03247
5033,90,1061,550154,317384,E02005563,5,King's Lynn and West Norfolk 013,Broadland ,0,5,1,0,0,0,0,rural,outside,outside,True,4.703315795484338,7.032375410901442,0.29114
5034,91,1062,564770,315583,E02005564,5,King's Lynn and West Norfolk 014,Broadland ,0,1,0,0,0,0,0,rural,inside,inside,True,1.20620316355495,0.8395901119053544,0.01248
5035,92,1052,573080,325711,E02005554,5,King's Lynn and West Norfolk 004,Breckland ,0,4,3,0,0,0,0,rural,outside,outside,True,6.48204056174546,9.069071537608794,1.97447
5036,93,1053,566815,324212,E02005555,5,King's Lynn and West Norfolk 005,Broadland ,0,1,0,0,0,0,0,rural,outside,inside,True,2.8201791928909197,2.9740289961758557,0.167
5037,94,1053,561828,326912,E02005555,5,King's Lynn and West Norfolk 005,Broadland ,7,0,0,0,0,0,0,urban,outside,inside,True,3.0845846809832094,3.3579055692608213,0.15368
5038,95,1064,552224,303617,E02005566,5,King's Lynn and West Norfolk 016,Broadland ,0,2,3,2,0,0,0,rural,outside,outside,True,4.832224224023298,7.739576878670424,0.33517
5039,96,1053,562262,323341,E02005555,5,King's Lynn and West Norfolk 005,Broadland ,1,0,0,0,0,0,0,urban,inside,inside,True,1.0610837624650333,1.1936510115592263,0.00011
5040,97,1053,564937,323326,E02005555,5,King's Lynn and West Norfolk 005,Broadland ,3,0,0,0,0,0,0,urban,inside,inside,True,2.7377835577980365,2.867113774555034,0.06744
5041,98,1053,565644,322675,E02005555,5,King's Lynn and West Norfolk 005,Broadland ,3,0,0,0,0,0,0,urban,inside,inside,True,2.8147996080513096,3.169725035477788,0.07438
5042,99,1053,564286,322766,E02005555,5,King's Lynn and West Norfolk 005,Broadland ,4,0,0,0,0,0,0,urban,inside,inside,True,0.9409647794110414,0.9693860202554251,0.00765
5043,100,1053,564833,322635,E02005555,5,King's Lynn and West Norfolk 005,Broadland ,2,0,0,0,0,0,0,urban,inside,inside,True,0.6503630950879891,0.7052946336196765,0.00259
5045,101,4,544068,322065,0,2,,Broadland ,0,4,4,16,0,0,0,rural,outside,outside,False,10.773053804203832,10.678202959957286,7.66097
5046,102,4,549050,323238,0,2,,Broadland ,0,0,3,13,0,0,0,rural,outside,outside,False,4.300145065341128,4.363688126893556,1.22695
5047,103,4,425855,360558,0,2,,Broadland ,0,0,0,0,0,0,0,rural,outside,outside,False,3.5845731545660584,3.9417861206606615,0.0
5048,104,4,435850,335145,0,2,,Broadland ,0,0,0,0,0,0,0,rural,outside,outside,False,1.0375302291875736,1.1908385426525523,0.0
5049,105,4,466549,360014,0,2,,Broadland ,0,0,0,0,0,0,0,rural,outside,outside,False,3.8548458650129596,3.7720575540844483,0.0
5050,106,4,455413,340674,0,2,,Broadland ,0,0,0,0,0,0,0,rural,outside,outside,False,1.3715897804139408,1.6219873785686423,0.0
5051,107,4,459074,304819,0,2,,Broadland ,0,0,0,0,0,0,0,rural,outside,outside,False,1.8852189262089634,1.8338394326362393,0.0
5052,108,4,477428,268312,0,2,,Broadland ,0,0,0,0,0,0,0,rural,outside,outside,False,5.392504077159212,6.568240994955569,0.0
5053,109,4,525169,311557,0,2,,Broadland ,0,0,0,0,0,0,0,rural,outside,outside,False,0.020975547516387447,0.026223597455754925,0.0
5054,110,4,460028,308131,0,2,,Broadland ,0,0,0,0,0,0,0,rural,outside,outside,False,3.9165549670103736,3.707504398735305,0.0
5055,111,4,502520,374102,0,2,,Breckland ,0,0,0,0,0,0,0,rural,outside,outside,False,1.7864104168797568,2.3639319067881592,0.0
5056,112,4,531312,325260,0,2,,Broadland ,97,60,30,40,0,0,0,rural,outside,outside,False,264.90357602687817,264.9494801148634,264.62119
5065,113,1062,563045,316225,E02005564,5,King's Lynn and West Norfolk 014,Broadland ,0,1,0,1,0,0,0,rural,inside,inside,True,2.3702599974258383,2.4547332416465424,0.06683
5067,114,1062,561890,314984,E02005564,5,King's Lynn and West Norfolk 014,Broadland ,0,0,0,1,0,0,0,rural,outside,inside,True,1.108003022255116,1.2548356990577911,0.00399
5068,115,5,545868,257826,0,3,,Broadland ,0,0,0,0,0,0,0,rural,outside,outside,False,19.874570291680932,12.593907855165353,0.0
5069,116,5,518388,302630,0,3,,Broadland ,0,0,0,0,0,0,0,rural,outside,outside,False,21.78358703338634,14.661643517777492,0.0
5070,117,1062,564429,316574,E02005564,5,King's Lynn and West Norfolk 014,Breckland ,0,0,0,0,0,0,0,rural,inside,inside,True,0.13075966340243672,0.1275440024537276,2e-05
5100,118,4,535540,374450,0,2,,Broadland ,0,0,0,0,0,0,0,rural,outside,outside,False,0.5600395506123901,0.5206466122497034,0.0
5101,119,4,532895,343702,0,2,,Breckland ,0,0,0,0,0,0,0,rural,outside,outside,False,0.6337506649001696,0.7874070419251191,0.0
5102,120,4,497303,323164,0,2,,Breckland ,0,0,0,0,0,0,0,rural,outside,outside,False,0.916808251208581,1.166618789656411,0.0
5103,121,1050,579657,339392,E02005552,5,King's Lynn and West Norfolk 002,Broadland ,0,1,0,0,15,2,3,rural,outside,outside,True,41.58544974347689,25.63120889541691,9.01059
5104,122,1051,568604,333976,E02005553,5,King's Lynn and West Norfolk 003,Breckland ,0,4,1,0,0,1,8,rural,outside,outside,True,7.205624168352742,7.603286375710512,0.77291
5105,123,1060,574479,320107,E02005562,5,King's Lynn and West Norfolk 012,Breckland ,0,3,1,3,0,0,0,rural,outside,outside,True,4.745743710097826,3.6838196877901708,0.15818
5106,124,1060,569109,321977,E02005562,5,King's Lynn and West Norfolk 012,Breckland ,0,7,0,0,0,0,0,rural,outside,inside,True,3.7362146901473974,2.8670948998196586,0.04292
5107,125,1062,565704,312035,E02005564,5,King's Lynn and West Norfolk 014,Breckland ,0,2,0,0,0,0,0,rural,outside,outside,True,4.3680629474859,4.406021972010925,0.21805
5108,126,1060,570942,314765,E02005562,5,King's Lynn and West Norfolk 012,Breckland ,0,2,2,0,0,0,0,rural,outside,outside,True,10.624010276113196,7.8601494350891,0.43979
5109,127,1060,581400,316907,E02005562,5,King's Lynn and West Norfolk 012,Breckland ,0,3,0,0,0,0,0,rural,outside,outside,True,2.2848508935723504,1.7898687231646209,0.07042
5110,128,1063,558141,308897,E02005565,5,King's Lynn and West Norfolk 015,Broadland ,0,0,1,0,0,0,0,rural,outside,outside,True,1.1443477306626695,2.312826006968418,0.00473
5111,129,1063,558705,313687,E02005565,5,King's Lynn and West Norfolk 015,Breckland ,0,2,1,0,0,0,0,rural,outside,outside,True,1.7687248012409413,2.1787932264063237,0.104
5112,130,1062,563454,317435,E02005564,5,King's Lynn and West Norfolk 014,Breckland ,1,0,0,0,0,0,0,urban,inside,inside,True,0.8969385232285415,0.9395002229915579,0.00371
5115,131,1062,571735,309729,E02005564,5,King's Lynn and West Norfolk 014,Breckland ,0,3,0,5,0,0,0,rural,outside,outside,True,28.360558126986124,27.228676371111458,3.8589
5116,132,7,643837,286197,0,3,,Breckland ,0,0,0,0,0,0,0,rural,outside,outside,False,136.41663357676862,126.61671739153077,0.0
5117,133,1,562561,265052,0,3,,Broadland ,0,0,0,0,0,0,0,rural,outside,outside,False,14.978719332854155,9.846171569474334,0.0
5118,134,1,609631,257744,0,3,,Broadland ,0,0,0,0,0,0,0,rural,outside,outside,False,11.392949600448022,7.44498260412081,0.0
5119,135,1058,564749,319765,E02005560,5,King's Lynn and West Norfolk 010,Broadland ,10,0,0,0,0,0,0,urban,inside,inside,True,3.248751934111813,4.025085914844751,0.03781
5120,136,1069,597328,336049,E02005571,6,North Norfolk 002,Broadland ,0,9,6,19,32,10,41,rural,outside,outside,True,202.55961862353664,168.17240533480268,101.72081
5121,137,1073,617494,336187,E02005575,6,North Norfolk 006,Broadland ,0,0,0,0,0,0,0,rural,outside,outside,True,46.59308712384396,53.59910845898122,0.0
5122,138,1077,629794,329385,E02005579,6,North Norfolk 010,Broadland ,0,0,0,0,0,0,0,rural,outside,outside,True,47.29112250795269,43.979388547711324,0.0
5124,139,1080,638479,322391,E02005582,6,North Norfolk 013,Broadland ,0,0,0,0,0,0,0,rural,outside,outside,True,30.73427571654848,37.524628926580284,0.0
5125,140,1021,620481,319969,E02005523,13,Broadland 004,Broadland ,0,0,0,0,0,0,0,rural,outside,outside,True,152.70597366634348,184.4430911144636,0.0
5126,141,1008,596631,309308,E02005510,9,Breckland 008,Broadland ,68,26,18,18,0,0,0,urban,outside,outside,True,197.62141792248062,208.2000115464541,72.96679
5127,142,1002,586690,317550,E02005504,8,Breckland 002,Broadland ,0,21,9,0,3,1,0,rural,outside,outside,True,21.599489168400485,29.468591490429088,6.34007
5128,143,1019,607037,321120,E02005521,13,Broadland 002,Broadland ,0,28,14,11,0,0,0,rural,outside,outside,True,111.54905901201136,116.7299502190299,32.93858
5129,144,1007,581189,308735,E02005509,8,Breckland 007,Broadland ,0,0,1,24,0,0,0,rural,outside,outside,True,29.81565512779188,30.451105984763476,8.23421
5130,145,1104,620757,291687,E02005607,11,South Norfolk 011,Broadland ,0,0,0,0,0,0,0,rural,outside,outside,True,228.567911463518,309.57450799623894,0.0
5131,146,1034,637083,304676,E02005536,14,Broadland 017,Broadland ,0,0,0,0,0,0,0,rural,outside,outside,True,297.3120121197138,320.6460329004398,0.0
5132,147,1011,602052,294911,E02005513,9,Breckland 011,Broadland ,93,41,43,60,0,0,0,rural,outside,outside,True,605.705036049348,702.4464836245103,281.14981
5133,148,1015,585176,283867,E02005517,9,Breckland 015,Broadland ,0,0,0,0,0,0,0,rural,outside,outside,True,82.12672645188823,86.74746577518985,0.0
5134,149,1061,551179,310721,E02005563,5,King's Lynn and West Norfolk 013,Broadland ,4,7,5,0,0,0,0,rural,outside,outside,True,17.89715510784851,31.609057630595608,3.22257
5135,150,1063,560312,314944,E02005565,5,King's Lynn and West Norfolk 015,Broadland ,0,2,0,0,0,0,0,rural,outside,inside,True,0.8172570151740461,1.2309122898920863,0.02411
5136,151,1063,561697,311266,E02005565,5,King's Lynn and West Norfolk 015,Broadland ,0,0,1,6,0,0,0,rural,outside,outside,True,2.305531657721792,3.3159395035000507,0.14317
5137,152,1066,564769,301121,E02005568,5,King's Lynn and West Norfolk 018,Broadland ,3,18,2,0,0,0,0,rural,outside,outside,True,29.332288236868475,28.9011622828455,6.79934
5138,153,1064,556326,302262,E02005566,5,King's Lynn and West Norfolk 016,Broadland ,0,1,3,0,0,0,0,rural,outside,outside,True,2.373529505372522,4.17684484606961,0.05118
5139,154,5,542425,254769,0,3,,Broadland ,0,0,0,0,0,0,0,rural,outside,outside,False,16.211257378568263,12.084643021788521,0.0
5140,155,1060,576782,316476,E02005562,5,King's Lynn and West Norfolk 012,Broadland ,0,1,0,0,0,0,0,rural,outside,outside,True,2.929170052740215,2.3397890712994163,0.06523
5141,156,1062,563113,313613,E02005564,5,King's Lynn and West Norfolk 014,Broadland ,0,1,0,0,0,0,0,rural,outside,inside,True,6.3466168482490595,6.978459618147998,1.01478
5142,157,1062,563058,315140,E02005564,5,King's Lynn and West Norfolk 014,Breckland ,0,0,0,4,0,0,0,rural,inside,inside,True,0.6936893225377717,0.502420460267784,0.00624
5143,158,1062,563402,314679,E02005564,5,King's Lynn and West Norfolk 014,Breckland ,0,0,0,1,0,0,0,rural,inside,inside,True,0.6932344069373474,0.719237813046691,0.00757
9001,159,3,268502,753561,0,1,,Broadland ,0,0,0,0,0,0,0,rural,outside,outside,False,0.0,0.0,0.0
9002,160,3,406479,569476,0,1,,Broadland ,0,0,0,0,0,0,0,rural,outside,outside,False,1.1537527442244626,1.4101422429410098,0.0
9003,161,3,351884,461276,0,1,,Broadland ,0,0,0,0,0,0,0,rural,outside,outside,False,3.3113799895069986,4.047238703275097,0.0
9004,162,3,451331,452108,0,1,,Broadland ,0,0,0,0,0,0,0,rural,outside,outside,False,2.4818462930649963,3.033366187023341,0.0
9005,163,2,279740,271716,0,2,,Broadland ,0,0,0,0,0,0,0,rural,outside,outside,False,2.7299855763867855,1.6058738684628149,0.0
9006,164,2,381687,286831,0,2,,Broadland ,0,0,0,0,0,0,0,rural,outside,outside,False,5.1774531390106,3.045591883056593,0.0
9007,165,2,319466,123180,0,2,,Broadland ,0,0,0,0,0,0,0,rural,outside,outside,False,5.2147804236472215,3.067534776614063,0.0
9008,166,1,503128,154326,0,3,,Broadland ,0,0,0,0,0,0,0,rural,outside,outside,False,177.55945317354417,115.95167734906036,0.0
9009,167,6,531331,179646,0,4,,Broadland ,0,0,0,0,0,0,0,rural,outside,outside,False,6.386533655106577,2.6264490083929277,0.0
